,count,count
2,234,220
0,218,221
1,209,220
