,count,count
2,5857,5564
0,5785,5563
1,5048,5563
